<!DOCTYPE HTML>
<html>
  <head>
    <meta charset="UTF-8">
    <title>TOMTOM</title>
    <script>
      // @JSON_VAR data
      var data = {
        "program": "Tomtom",
        "version": "4.11.1",
        "release": "Fri Jan 15 12:51:59 2016 -0800",
        "cmd": [
          "tomtom", "-no-ssc", "-oc", ".", "-verbosity", "1", "-min-overlap",
          "5", "-dist", "pearson", "-evalue", "-thresh", "10.0", "meme.txt",
          "db/JASPAR/JASPAR_CORE_2016.meme"
        ],
        "options": {
          "strands": "both",
          "distance_measure": "pearson",
          "threshold_type": "evalue",
          "threshold_value": 10,
          "background_source": "first_target"
        },
        "alphabet": {
          "name": "DNA",
          "like": "dna",
          "ncore": 4,
          "symbols": [
            {
              "symbol": "A",
              "name": "Adenine",
              "colour": "CC0000",
              "complement": "T"
            }, {
              "symbol": "C",
              "name": "Cytosine",
              "colour": "0000CC",
              "complement": "G"
            }, {
              "symbol": "G",
              "name": "Guanine",
              "colour": "FFB300",
              "complement": "C"
            }, {
              "symbol": "T",
              "aliases": "U",
              "name": "Thymine",
              "colour": "008000",
              "complement": "A"
            }, {
              "symbol": "N",
              "aliases": "X.",
              "name": "Any base",
              "equals": "ACGT"
            }, {
              "symbol": "V",
              "name": "Not T",
              "equals": "ACG"
            }, {
              "symbol": "H",
              "name": "Not G",
              "equals": "ACT"
            }, {
              "symbol": "D",
              "name": "Not C",
              "equals": "AGT"
            }, {
              "symbol": "B",
              "name": "Not A",
              "equals": "CGT"
            }, {
              "symbol": "M",
              "name": "Amino",
              "equals": "AC"
            }, {
              "symbol": "R",
              "name": "Purine",
              "equals": "AG"
            }, {
              "symbol": "W",
              "name": "Weak",
              "equals": "AT"
            }, {
              "symbol": "S",
              "name": "Strong",
              "equals": "CG"
            }, {
              "symbol": "Y",
              "name": "Pyrimidine",
              "equals": "CT"
            }, {
              "symbol": "K",
              "name": "Keto",
              "equals": "GT"
            }
          ]
        },
        "background": [0.307, 0.196, 0.177, 0.32],
        "query_dbs": [
          {
            "source": "meme.txt",
            "name": "meme",
            "loaded": 5,
            "excluded": 0,
            "last_modified": "Sat Apr 23 01:03:35 2016"
          }
        ],
        "target_dbs": [
          {
            "source": "db/JASPAR/JASPAR_CORE_2016.meme",
            "name": "JASPAR CORE 2016",
            "loaded": 1082,
            "excluded": 0,
            "last_modified": "Mon Mar 14 23:48:46 2016"
          }
        ],
        "queries": [
          {
            "db": 0,
            "id": "1",
            "alt": "MEME",
            "len": 18,
            "nsites": 70,
            "evalue": "5.2e-113",
            "pwm": [
              [0.257214, 0.0858713, 0.0858442, 0.57107], 
              [0.257214, 0.114403, 0.12864, 0.499743], 
              [0.228683, 0.0858713, 0.0287827, 0.656662], 
              [0.642378, 0.0858713, 0.185702, 0.0860482], 
              [0.214418, 0.727811, 0.057314, 0.000456491], 
              [0.970481, 0.0288098, 0.000252496, 0.000456491], 
              [0.000437946, 0.570893, 0.0145181, 0.414151], 
              [0.0147036, 0.984587, 0.000252496, 0.000456491], 
              [0.000437946, 0.898996, 0.0145181, 0.0860482], 
              [0.485459, 0.000279601, 0.456743, 0.057518], 
              [0.071765, 0.0430755, 0.000252496, 0.884907], 
              [0.884888, 0.000279601, 0.114375, 0.000456491], 
              [0.000437946, 0.998853, 0.000252496, 0.000456491], 
              [0.956216, 0.0430755, 0.000252496, 0.000456491], 
              [0.0289682, 0.24279, 0.000252496, 0.727988], 
              [0.200153, 0.257056, 0.0145181, 0.528273], 
              [0.228683, 0.128667, 0.000252496, 0.642396], 
              [0.257214, 0.24279, 0.0287827, 0.471213]
            ]
          }, {
            "db": 0,
            "id": "2",
            "alt": "MEME",
            "len": 20,
            "nsites": 58,
            "evalue": "3.1e-039",
            "pwm": [
              [0.0521634, 0.241301, 0.0863633, 0.620172], 
              [0.121011, 0.086396, 0.0519396, 0.740654], 
              [0.155433, 0.0691846, 0.017516, 0.757866], 
              [0.121011, 0.155242, 0.0347283, 0.689019], 
              [0.000528399, 0.310148, 0.0519396, 0.637384], 
              [0.000528399, 0.0519723, 0.000304647, 0.947195], 
              [0.000528399, 0.0175487, 0.000304647, 0.981618], 
              [0.000528399, 0.0691846, 0.206846, 0.723442], 
              [0.0177397, 0.189666, 0.000304647, 0.792289], 
              [0.000528399, 0.0519723, 0.000304647, 0.947195], 
              [0.034952, 0.000337349, 0.224057, 0.740654], 
              [0.034952, 0.086396, 0.224057, 0.654595], 
              [0.138222, 0.5339, 0.017516, 0.310362], 
              [0.396398, 0.086396, 0.103575, 0.413632], 
              [0.258704, 0.103607, 0.000304647, 0.637384], 
              [0.000528399, 0.258513, 0.0519396, 0.689019], 
              [0.000528399, 0.000337349, 0.000304647, 0.99883], 
              [0.034952, 0.22409, 0.017516, 0.723442], 
              [0.086587, 0.155242, 0.000304647, 0.757866], 
              [0.000528399, 0.22409, 0.206846, 0.568537]
            ]
          }, {
            "db": 0,
            "id": "3",
            "alt": "MEME",
            "len": 20,
            "nsites": 69,
            "evalue": "1.0e-025",
            "pwm": [
              [0.550372, 0.0581708, 0.289692, 0.101765], 
              [0.810864, 0.000283647, 0.188389, 0.000463097], 
              [0.666146, 0.159473, 0.130502, 0.0438782], 
              [0.608259, 0.275247, 0.101558, 0.0149351], 
              [0.608259, 0.13053, 0.0292002, 0.232012], 
              [0.579315, 0.13053, 0.246277, 0.0438782], 
              [0.651674, 0.202889, 0.11603, 0.0294071], 
              [0.521428, 0.0147557, 0.362051, 0.101765], 
              [0.405654, 0.304191, 0.130502, 0.159652], 
              [0.883223, 0.0581708, 0.000256151, 0.0583502], 
              [0.724034, 0.000283647, 0.27522, 0.000463097], 
              [0.752977, 0.0726428, 0.173917, 0.000463097], 
              [0.376711, 0.0871148, 0.289692, 0.246484], 
              [0.593787, 0.260776, 0.144974, 0.000463097], 
              [0.912166, 0.0871148, 0.000256151, 0.000463097], 
              [0.550372, 0.000283647, 0.246277, 0.203068], 
              [0.28988, 0.419965, 0.0870873, 0.203068], 
              [0.781921, 0.116058, 0.0870873, 0.0149351], 
              [0.970053, 0.000283647, 0.000256151, 0.0294071], 
              [0.738505, 0.000283647, 0.260749, 0.000463097]
            ]
          }, {
            "db": 0,
            "id": "4",
            "alt": "MEME",
            "len": 20,
            "nsites": 22,
            "evalue": "8.2e-005",
            "pwm": [
              [0.00138914, 0.408127, 0.362791, 0.227693], 
              [0.182384, 0.408127, 0.408041, 0.00144796], 
              [0.00138914, 0.498624, 0.498538, 0.00144796], 
              [0.00138914, 0.0461362, 0.951027, 0.00144796], 
              [0.0918868, 0.498624, 0.408041, 0.00144796], 
              [0.318131, 0.634371, 0.000800905, 0.0466973], 
              [0.318131, 0.136634, 0.317543, 0.227693], 
              [0.227634, 0.27238, 0.181796, 0.31819], 
              [0.00138914, 0.0461362, 0.589036, 0.363439], 
              [0.00138914, 0.000886878, 0.996276, 0.00144796], 
              [0.00138914, 0.543874, 0.453289, 0.00144796], 
              [0.318131, 0.408127, 0.181796, 0.0919456], 
              [0.318131, 0.000886878, 0.679534, 0.00144796], 
              [0.0466385, 0.136634, 0.815281, 0.00144796], 
              [0.318131, 0.136634, 0.543788, 0.00144796], 
              [0.544376, 0.181882, 0.000800905, 0.272941], 
              [0.318131, 0.181882, 0.498538, 0.00144796], 
              [0.453877, 0.181882, 0.362791, 0.00144796], 
              [0.36338, 0.408127, 0.227046, 0.00144796], 
              [0.589624, 0.408127, 0.000800905, 0.00144796]
            ]
          }, {
            "db": 0,
            "id": "5",
            "alt": "MEME",
            "len": 11,
            "nsites": 36,
            "evalue": "3.9e-001",
            "pwm": [
              [0.194756, 0.776166, 0.0281914, 0.000886427], 
              [0.859576, 0.0836451, 0.000490305, 0.0562885], 
              [0.000850416, 0.526859, 0.000490305, 0.4718], 
              [0.000850416, 0.997773, 0.000490305, 0.000886427], 
              [0.139355, 0.859269, 0.000490305, 0.000886427], 
              [0.554867, 0.000542936, 0.443703, 0.000886427], 
              [0.250158, 0.000542936, 0.000490305, 0.748809], 
              [0.887277, 0.000542936, 0.111294, 0.000886427], 
              [0.139355, 0.859269, 0.000490305, 0.000886427], 
              [0.831875, 0.166748, 0.000490305, 0.000886427], 
              [0.0285515, 0.305253, 0.000490305, 0.665707]
            ]
          }
        ],
        "targets": [
          {
            "db": 0,
            "id": "MA0010.1",
            "alt": "br",
            "len": 14,
            "nsites": 9,
            "url": "http://jaspar.genereg.net?ID=MA0010.1&rm=present&collection=CORE",
            "pwm": [
              [0.333044, 0.112044, 0.441505, 0.113406], 
              [0.113264, 0.112044, 0.111835, 0.662857], 
              [0.552825, 0.221934, 0.111835, 0.113406], 
              [0.772605, 0.00215385, 0.111835, 0.113406], 
              [0.333044, 0.00215385, 0.00194505, 0.662857], 
              [0.662715, 0.00215385, 0.00194505, 0.333186], 
              [0.442934, 0.112044, 0.441505, 0.00351648], 
              [0.772605, 0.00215385, 0.111835, 0.113406], 
              [0.113264, 0.881275, 0.00194505, 0.00351648], 
              [0.992385, 0.00215385, 0.00194505, 0.00351648], 
              [0.882495, 0.00215385, 0.111835, 0.00351648], 
              [0.552825, 0.00215385, 0.331615, 0.113406], 
              [0.442934, 0.00215385, 0.00194505, 0.552967], 
              [0.223154, 0.331824, 0.221725, 0.223296]
            ]
          }, {
            "db": 0,
            "id": "MA0013.1",
            "alt": "br(var.4)",
            "len": 11,
            "nsites": 6,
            "url": "http://jaspar.genereg.net?ID=MA0013.1&rm=present&collection=CORE",
            "pwm": [
              [0.168968, 0.167148, 0.00290164, 0.660984], 
              [0.660771, 0.00321311, 0.00290164, 0.333114], 
              [0.332901, 0.00321311, 0.65864, 0.0052459], 
              [0.168968, 0.00321311, 0.00290164, 0.824918], 
              [0.824705, 0.00321311, 0.166836, 0.0052459], 
              [0.988639, 0.00321311, 0.00290164, 0.0052459], 
              [0.824705, 0.00321311, 0.166836, 0.0052459], 
              [0.168968, 0.495016, 0.166836, 0.169181], 
              [0.496836, 0.00321311, 0.166836, 0.333114], 
              [0.824705, 0.00321311, 0.00290164, 0.169181], 
              [0.496836, 0.167148, 0.00290164, 0.333114]
            ]
          }, {
            "db": 0,
            "id": "MA0026.1",
            "alt": "Eip74EF",
            "len": 7,
            "nsites": 17,
            "url": "http://jaspar.genereg.net?ID=MA0026.1&rm=present&collection=CORE",
            "pwm": [
              [0.118754, 0.7029, 0.117994, 0.0603513], 
              [0.294193, 0.7029, 0.00103509, 0.00187135], 
              [0.00179532, 0.0011462, 0.995187, 0.00187135], 
              [0.00179532, 0.0011462, 0.995187, 0.00187135], 
              [0.995947, 0.0011462, 0.00103509, 0.00187135], 
              [0.995947, 0.0011462, 0.00103509, 0.00187135], 
              [0.294193, 0.0596262, 0.58583, 0.0603513]
            ]
          }, {
            "db": 0,
            "id": "MA0041.1",
            "alt": "Foxd3",
            "len": 12,
            "nsites": 47,
            "url": "http://jaspar.genereg.net?ID=MA0041.1&rm=present&collection=CORE",
            "pwm": [
              [0.234198, 0.0641106, 0.552392, 0.149299], 
              [0.637595, 0.0428788, 0.000375796, 0.319151], 
              [0.510206, 0.021648, 0.000375796, 0.467771], 
              [0.0218836, 0.0853414, 0.000375796, 0.892399], 
              [0.255429, 0.000416136, 0.722244, 0.0219112], 
              [0.000651805, 0.000416136, 0.000375796, 0.998556], 
              [0.0218836, 0.000416136, 0.000375796, 0.977324], 
              [0.106809, 0.000416136, 0.21269, 0.680085], 
              [0.297891, 0.000416136, 0.446236, 0.255456], 
              [0.128041, 0.149036, 0.000375796, 0.722548], 
              [0.0218836, 0.0428788, 0.0853011, 0.849936], 
              [0.000651805, 0.255193, 0.000375796, 0.743779]
            ]
          }, {
            "db": 0,
            "id": "MA0045.1",
            "alt": "HMG-I/Y",
            "len": 16,
            "nsites": 14,
            "url": "http://jaspar.genereg.net?ID=MA0045.1&rm=present&collection=CORE",
            "pwm": [
              [0.214944, 0.356, 0.284943, 0.144113], 
              [0.498631, 0.00139007, 0.214022, 0.285957], 
              [0.640475, 0.0723125, 0.0721777, 0.215036], 
              [0.214944, 0.426922, 0.284943, 0.0731919], 
              [0.782319, 0.00139007, 0.214022, 0.0022695], 
              [0.782319, 0.00139007, 0.143099, 0.0731919], 
              [0.782319, 0.00139007, 0.143099, 0.0731919], 
              [0.214944, 0.214156, 0.143099, 0.427801], 
              [0.285865, 0.0723125, 0.568632, 0.0731919], 
              [0.214944, 0.285078, 0.426787, 0.0731919], 
              [0.569554, 0.356, 0.0721777, 0.0022695], 
              [0.569554, 0.0723125, 0.284943, 0.0731919], 
              [0.640475, 0.00139007, 0.143099, 0.215036], 
              [0.640475, 0.356, 0.00125532, 0.0022695], 
              [0.782319, 0.00139007, 0.214022, 0.0022695], 
              [0.144021, 0.497844, 0.00125532, 0.35688]
            ]
          }, {
            "db": 0,
            "id": "MA0049.1",
            "alt": "hb",
            "len": 10,
            "nsites": 16,
            "url": "http://jaspar.genereg.net?ID=MA0049.1&rm=present&collection=CORE",
            "pwm": [
              [0.0640186, 0.311776, 0.497994, 0.126211], 
              [0.374578, 0.498112, 0.125323, 0.00198758], 
              [0.560913, 0.187553, 0.249547, 0.00198758], 
              [0.250354, 0.187553, 0.0632112, 0.498882], 
              [0.80936, 0.0633292, 0.00109938, 0.126211], 
              [0.995696, 0.00121739, 0.00109938, 0.00198758], 
              [0.995696, 0.00121739, 0.00109938, 0.00198758], 
              [0.871472, 0.00121739, 0.125323, 0.00198758], 
              [0.933584, 0.0633292, 0.00109938, 0.00198758], 
              [0.560913, 0.125441, 0.125323, 0.188323]
            ]
          }, {
            "db": 0,
            "id": "MA0050.2",
            "alt": "IRF1",
            "len": 21,
            "nsites": 1362,
            "url": "http://jaspar.genereg.net?ID=MA0050.2&rm=present&collection=CORE",
            "pwm": [
              [0.232018, 0.234946, 0.1953, 0.337738], 
              [0.184297, 0.208516, 0.184287, 0.422899], 
              [0.127032, 0.237882, 0.155655, 0.47943], 
              [0.101337, 0.315703, 0.108669, 0.474291], 
              [0.539631, 0.0741649, 0.265045, 0.12116], 
              [0.0176422, 0.58147, 0.371498, 0.0293903], 
              [0.00883289, 1.43895e-05, 1.29946e-05, 0.99114], 
              [2.25387e-05, 0.0227737, 1.29946e-05, 0.977191], 
              [2.25387e-05, 0.0411274, 0.00294978, 0.9559], 
              [2.25387e-05, 0.916981, 1.29946e-05, 0.0829834], 
              [0.670311, 0.0286463, 0.174743, 0.126299], 
              [0.0147055, 0.577799, 0.253298, 0.154197], 
              [0.0117687, 0.000748336, 1.29946e-05, 0.987469], 
              [0.00516216, 0.0102926, 0.00368373, 0.980861], 
              [0.00809795, 0.0425953, 1.29946e-05, 0.949293], 
              [0.0125036, 0.75106, 0.0205695, 0.215867], 
              [0.376647, 0.179884, 0.193097, 0.250372], 
              [0.16007, 0.340664, 0.213653, 0.285612], 
              [0.106476, 0.136568, 0.0837068, 0.673249], 
              [0.145386, 0.141707, 0.0726947, 0.640211], 
              [0.121894, 0.243022, 0.110871, 0.524214]
            ]
          }, {
            "db": 0,
            "id": "MA0062.2",
            "alt": "Gabpa",
            "len": 11,
            "nsites": 991,
            "url": "http://jaspar.genereg.net?ID=MA0062.2&rm=present&collection=CORE",
            "pwm": [
              [0.0323837, 0.776483, 0.19009, 0.00104319], 
              [0.0708028, 0.924093, 0.00406145, 0.00104319], 
              [3.09757e-05, 1.9776e-05, 0.998908, 0.00104119], 
              [3.09757e-05, 1.9776e-05, 0.999917, 3.22874e-05], 
              [0.997916, 0.00102667, 0.00102476, 3.22874e-05], 
              [0.995902, 0.00203357, 1.78589e-05, 0.00204608], 
              [0.0947794, 0.0322745, 0.872914, 3.22874e-05], 
              [0.0565343, 0.263363, 0.0373501, 0.642752], 
              [0.155571, 0.13839, 0.609047, 0.0969925], 
              [0.266671, 0.264639, 0.419168, 0.0495223], 
              [0.235361, 0.360589, 0.226258, 0.177792]
            ]
          }, {
            "db": 0,
            "id": "MA0120.1",
            "alt": "id1",
            "len": 12,
            "nsites": 24,
            "url": "http://jaspar.genereg.net?ID=MA0120.1&rm=present&collection=CORE",
            "pwm": [
              [0.042768, 0.0423074, 0.0837217, 0.831203], 
              [0.125755, 0.125295, 0.16671, 0.58224], 
              [0.042768, 0.0838005, 0.374178, 0.499253], 
              [0.00127386, 0.374257, 0.125216, 0.499253], 
              [0.00127386, 0.540233, 0.16671, 0.291785], 
              [0.0842611, 0.457244, 0.16671, 0.291785], 
              [0.125755, 0.332763, 0.0837217, 0.457759], 
              [0.042768, 0.0423074, 0.0422285, 0.872697], 
              [0.333224, 0.208282, 0.0422285, 0.416266], 
              [0.00127386, 0.249776, 0.291191, 0.457759], 
              [0.00127386, 0.706207, 0.00073444, 0.291785], 
              [0.0842611, 0.000813278, 0.747622, 0.167303]
            ]
          }, {
            "db": 0,
            "id": "MA0146.2",
            "alt": "Zfx",
            "len": 14,
            "nsites": 480,
            "url": "http://jaspar.genereg.net?ID=MA0146.2&rm=present&collection=CORE",
            "pwm": [
              [0.104864, 0.373129, 0.375221, 0.146787], 
              [0.123728, 0.356361, 0.362644, 0.157267], 
              [0.190401, 0.315875, 0.416268, 0.0774565], 
              [0.150346, 0.102316, 0.61995, 0.127389], 
              [0.0208496, 0.617376, 0.299351, 0.0624237], 
              [0.0125353, 0.750404, 0.004194, 0.232866], 
              [0.062421, 0.257783, 0.380415, 0.29938], 
              [0.39707, 0.318062, 0.253622, 0.0312452], 
              [0.0166925, 0.00419796, 0.976964, 0.00214522], 
              [6.3945e-05, 0.00627653, 0.991514, 0.00214522], 
              [6.3945e-05, 0.999833, 3.68673e-05, 6.66528e-05], 
              [6.3945e-05, 0.997754, 3.68673e-05, 0.00214522], 
              [6.3945e-05, 0.00211939, 3.68673e-05, 0.99778], 
              [0.175027, 0.254155, 0.454109, 0.116709]
            ]
          }, {
            "db": 0,
            "id": "MA0162.2",
            "alt": "EGR1",
            "len": 14,
            "nsites": 12256,
            "url": "http://jaspar.genereg.net?ID=MA0162.2&rm=present&collection=CORE",
            "pwm": [
              [0.0895908, 0.467361, 0.251549, 0.191499], 
              [0.122881, 0.558662, 0.110885, 0.207573], 
              [0.0946497, 0.493552, 0.183584, 0.228216], 
              [0.108928, 0.851088, 1.44418e-06, 0.0399823], 
              [0.0190133, 0.944348, 1.44418e-06, 0.0366373], 
              [0.237517, 1.5992e-06, 0.558091, 0.204391], 
              [2.50488e-06, 0.999993, 1.44418e-06, 2.61094e-06], 
              [2.50488e-06, 0.967031, 1.44418e-06, 0.0329653], 
              [2.50488e-06, 0.828487, 0.049854, 0.121657], 
              [0.297977, 0.682192, 1.44418e-06, 0.0198294], 
              [2.50488e-06, 0.97519, 1.44418e-06, 0.0248064], 
              [0.193212, 1.5992e-06, 0.538427, 0.268358], 
              [2.50488e-06, 0.803601, 0.115862, 0.080534], 
              [0.246899, 0.456509, 0.156087, 0.140504]
            ]
          }, {
            "db": 0,
            "id": "MA0277.1",
            "alt": "AZF1",
            "len": 9,
            "nsites": 100,
            "url": "http://jaspar.genereg.net?ID=MA0277.1&rm=present&collection=CORE",
            "pwm": [
              [0.617337, 0.127519, 0.1275, 0.127643], 
              [0.999308, 0.000195804, 0.000176823, 0.00031968], 
              [0.999308, 0.000195804, 0.000176823, 0.00031968], 
              [0.870723, 0.12878, 0.000176823, 0.00031968], 
              [0.749557, 0.000195804, 0.249927, 0.00031968], 
              [0.000306693, 0.000195804, 0.999178, 0.00031968], 
              [0.779527, 0.160036, 0.0301469, 0.0302897], 
              [0.817671, 0.0607413, 0.0607223, 0.0608651], 
              [0.617337, 0.127519, 0.1275, 0.127643]
            ]
          }, {
            "db": 0,
            "id": "MA0296.1",
            "alt": "FKH1",
            "len": 20,
            "nsites": 998,
            "url": "http://jaspar.genereg.net?ID=MA0296.1&rm=present&collection=CORE",
            "pwm": [
              [0.177546, 0.287855, 0.20762, 0.32698], 
              [0.247501, 0.192385, 0.334653, 0.22546], 
              [0.5205, 0.0840952, 0.0981059, 0.297299], 
              [0.527032, 0.076164, 0.129264, 0.26754], 
              [0.365359, 0.0730853, 0.150153, 0.411402], 
              [0.119257, 0.146298, 0.133271, 0.601174], 
              [0.146309, 0.00402724, 0.84863, 0.00103396], 
              [0.00705106, 0.00302834, 1.77337e-05, 0.989903], 
              [0.96182, 0.0371269, 1.77337e-05, 0.00103496], 
              [0.978891, 0.0110405, 0.00101963, 0.00904916], 
              [0.991915, 0.00102154, 0.00202153, 0.00504156], 
              [0.00103266, 0.926781, 0.00101963, 0.0711669], 
              [0.991915, 0.00102154, 0.00302343, 0.00403966], 
              [0.875695, 0.0390937, 0.0160481, 0.0691631], 
              [0.672308, 0.0491127, 0.0701507, 0.208428], 
              [0.248503, 0.191383, 0.407793, 0.152322], 
              [0.374742, 0.158321, 0.296581, 0.170356], 
              [0.284571, 0.18437, 0.330646, 0.200413], 
              [0.205421, 0.11624, 0.452878, 0.22546], 
              [0.421832, 0.192385, 0.24849, 0.137293]
            ]
          }, {
            "db": 0,
            "id": "MA0317.1",
            "alt": "HCM1",
            "len": 8,
            "nsites": 100,
            "url": "http://jaspar.genereg.net?ID=MA0317.1&rm=present&collection=CORE",
            "pwm": [
              [0.509797, 0.160036, 0.249927, 0.0802398], 
              [0.270037, 0.0801159, 0.0401369, 0.60971], 
              [0.66301, 0.316711, 0.0100679, 0.0102108], 
              [0.949358, 0.0501459, 0.000176823, 0.00031968], 
              [0.999308, 0.000195804, 0.000176823, 0.00031968], 
              [0.0102967, 0.859337, 0.000176823, 0.13019], 
              [0.939961, 0.019978, 0.019959, 0.0201019], 
              [0.57549, 0.171741, 0.111177, 0.141592]
            ]
          }, {
            "db": 0,
            "id": "MA0359.1",
            "alt": "RAP1",
            "len": 10,
            "nsites": 100,
            "url": "http://jaspar.genereg.net?ID=MA0359.1&rm=present&collection=CORE",
            "pwm": [
              [0.180127, 0.689506, 0.120057, 0.0103097], 
              [0.989217, 0.000195804, 0.000176823, 0.0104106], 
              [0.0103976, 0.757015, 0.000176823, 0.232411], 
              [0.0102967, 0.969227, 0.0101668, 0.0103097], 
              [0.0102967, 0.899297, 0.000176823, 0.0902298], 
              [0.709597, 0.000195804, 0.269907, 0.0202997], 
              [0.168456, 0.108998, 0.0793057, 0.643241], 
              [0.719587, 0.000195804, 0.140037, 0.14018], 
              [0.0102967, 0.979217, 0.000176823, 0.0103097], 
              [0.859448, 0.130066, 0.000176823, 0.0103097]
            ]
          }, {
            "db": 0,
            "id": "MA0361.1",
            "alt": "RDS1",
            "len": 7,
            "nsites": 100,
            "url": "http://jaspar.genereg.net?ID=MA0361.1&rm=present&collection=CORE",
            "pwm": [
              [0.0102967, 0.909287, 0.0101668, 0.0702498], 
              [0.000306693, 0.110086, 0.889288, 0.00031968], 
              [0.000306693, 0.000195804, 0.999178, 0.00031968], 
              [0.000306693, 0.839357, 0.160017, 0.00031968], 
              [0.000306693, 0.949247, 0.0501269, 0.00031968], 
              [0.000306693, 0.110086, 0.889288, 0.00031968], 
              [0.316822, 0.316711, 0.316692, 0.0497752]
            ]
          }, {
            "db": 0,
            "id": "MA0377.1",
            "alt": "SFL1",
            "len": 21,
            "nsites": 998,
            "url": "http://jaspar.genereg.net?ID=MA0377.1&rm=present&collection=CORE",
            "pwm": [
              [0.272275, 0.183184, 0.130135, 0.414405], 
              [0.368731, 0.262518, 0.124253, 0.244497], 
              [0.281566, 0.244484, 0.332649, 0.141301], 
              [0.382374, 0.25625, 0.117123, 0.244252], 
              [0.314628, 0.0982058, 0.349682, 0.237483], 
              [0.368362, 0.221218, 0.198196, 0.212223], 
              [0.727686, 0.0300466, 0.124129, 0.118138], 
              [0.127145, 0.17818, 0.108115, 0.58656], 
              [0.506487, 0.261254, 0.226221, 0.00603746], 
              [0.018065, 0.0100386, 0.961845, 0.0100511], 
              [0.957851, 0.01605, 0.00502723, 0.021072], 
              [0.960856, 0.00903673, 0.0210576, 0.00904916], 
              [0.0220725, 0.0471089, 0.807552, 0.123266], 
              [0.616586, 0.129136, 0.218214, 0.0360645], 
              [0.597165, 0.134275, 0.0360861, 0.232474], 
              [0.536049, 0.22144, 0.0481089, 0.194402], 
              [0.256518, 0.156317, 0.146296, 0.44087], 
              [0.492967, 0.096202, 0.217431, 0.1934], 
              [0.431851, 0.0671469, 0.0992058, 0.401796], 
              [0.369733, 0.123253, 0.146296, 0.360717], 
              [0.410221, 0.121371, 0.0722275, 0.396181]
            ]
          }, {
            "db": 0,
            "id": "MA0390.1",
            "alt": "STB3",
            "len": 21,
            "nsites": 998,
            "url": "http://jaspar.genereg.net?ID=MA0390.1&rm=present&collection=CORE",
            "pwm": [
              [0.0983159, 0.168509, 0.547606, 0.18557], 
              [0.166347, 0.173349, 0.202402, 0.457902], 
              [0.18256, 0.416227, 0.057184, 0.34403], 
              [0.1944, 0.379742, 0.107221, 0.318637], 
              [0.507996, 0.0591317, 0.189378, 0.243495], 
              [0.547524, 0.120128, 0.151154, 0.181195], 
              [0.777508, 0.0350861, 0.0711526, 0.116252], 
              [0.49948, 0.0270439, 0.0330474, 0.440428], 
              [0.0992188, 0.0110405, 0.00202153, 0.887719], 
              [0.0531314, 0.00502914, 0.00101963, 0.94082], 
              [0.0100498, 0.00402724, 0.00202153, 0.983901], 
              [0.0130555, 1.96373e-05, 0.0150462, 0.971879], 
              [3.07584e-05, 0.0640772, 0.0200357, 0.915856], 
              [0.00303346, 0.990911, 0.00201953, 0.00403566], 
              [0.9659, 0.00702594, 0.0250402, 0.00203386], 
              [0.150317, 0.588137, 0.0841773, 0.177369], 
              [0.129147, 0.120128, 0.137141, 0.613585], 
              [0.166347, 0.32664, 0.200399, 0.306614], 
              [0.308617, 0.253501, 0.125256, 0.312626], 
              [0.233474, 0.170344, 0.315617, 0.280565], 
              [0.226688, 0.182549, 0.296879, 0.293885]
            ]
          }, {
            "db": 0,
            "id": "MA0410.1",
            "alt": "UGA3",
            "len": 8,
            "nsites": 100,
            "url": "http://jaspar.genereg.net?ID=MA0410.1&rm=present&collection=CORE",
            "pwm": [
              [0.100207, 0.439756, 0.269907, 0.19013], 
              [0.0406703, 0.282741, 0.635905, 0.0406833], 
              [0.000306693, 0.000195804, 0.999178, 0.00031968], 
              [0.000306693, 0.999197, 0.000176823, 0.00031968], 
              [0.000306693, 0.000195804, 0.999178, 0.00031968], 
              [0.000306693, 0.000195804, 0.999178, 0.00031968], 
              [0.0202867, 0.269926, 0.689488, 0.0202997], 
              [0.858035, 0.0203776, 0.0203586, 0.101229]
            ]
          }, {
            "db": 0,
            "id": "MA0421.1",
            "alt": "NSI1",
            "len": 10,
            "nsites": 1870,
            "url": "http://jaspar.genereg.net?ID=MA0421.1&rm=present&collection=CORE",
            "pwm": [
              [0.0913505, 1.04807e-05, 0.143834, 0.764805], 
              [1.64162e-05, 1.04807e-05, 0.0215483, 0.978425], 
              [1.64162e-05, 0.0545916, 9.46473e-06, 0.945383], 
              [0.999963, 1.04807e-05, 9.46473e-06, 1.71114e-05], 
              [1.64162e-05, 0.999957, 9.46473e-06, 1.71114e-05], 
              [1.64162e-05, 0.999957, 9.46473e-06, 1.71114e-05], 
              [0.063556, 0.936417, 9.46473e-06, 1.71114e-05], 
              [1.64162e-05, 1.04807e-05, 0.999956, 1.71114e-05], 
              [0.026747, 1.04807e-05, 0.973225, 1.71114e-05], 
              [0.384118, 0.414682, 0.0576984, 0.1435]
            ]
          }, {
            "db": 0,
            "id": "MA0470.1",
            "alt": "E2F4",
            "len": 11,
            "nsites": 1878,
            "url": "http://jaspar.genereg.net?ID=MA0470.1&rm=present&collection=CORE",
            "pwm": [
              [0.144844, 0.197018, 0.451529, 0.206609], 
              [0.082547, 0.271561, 0.645875, 1.70385e-05], 
              [1.63463e-05, 0.00586712, 0.994099, 1.70385e-05], 
              [1.63463e-05, 0.999957, 9.42442e-06, 1.70385e-05], 
              [1.63463e-05, 1.04361e-05, 0.999956, 1.70385e-05], 
              [0.0143926, 0.116085, 0.869505, 1.70385e-05], 
              [0.00800292, 0.0218413, 0.970139, 1.70385e-05], 
              [0.960029, 1.04361e-05, 0.0399433, 1.70385e-05], 
              [0.66718, 1.04361e-05, 0.332793, 1.70385e-05], 
              [0.379123, 0.185837, 0.383376, 0.0516653], 
              [0.26784, 0.209264, 0.328001, 0.194895]
            ]
          }, {
            "db": 0,
            "id": "MA0471.1",
            "alt": "E2F6",
            "len": 11,
            "nsites": 2757,
            "url": "http://jaspar.genereg.net?ID=MA0471.1&rm=present&collection=CORE",
            "pwm": [
              [0.294523, 0.0290231, 0.509963, 0.166491], 
              [0.160324, 0.147264, 0.6924, 1.16064e-05], 
              [1.11349e-05, 7.10892e-06, 0.99997, 1.16064e-05], 
              [0.243745, 0.708722, 6.41979e-06, 0.0475249], 
              [0.00255004, 7.10892e-06, 0.997431, 1.16064e-05], 
              [1.11349e-05, 7.10892e-06, 0.99997, 1.16064e-05], 
              [0.00726487, 0.0105257, 0.982198, 1.16064e-05], 
              [0.999975, 7.10892e-06, 6.41979e-06, 1.16064e-05], 
              [0.611523, 7.10892e-06, 0.388458, 1.16064e-05], 
              [0.358359, 0.164673, 0.41167, 0.0652972], 
              [0.279653, 0.256073, 0.3297, 0.134574]
            ]
          }, {
            "db": 0,
            "id": "MA0472.2",
            "alt": "EGR2",
            "len": 11,
            "nsites": 2342,
            "url": "http://jaspar.genereg.net?ID=MA0472.2&rm=present&collection=CORE",
            "pwm": [
              [0.558387, 0.327697, 0.0453726, 0.0685437], 
              [1.31079e-05, 0.93883, 0.0169558, 0.0442008], 
              [0.0694541, 8.36856e-06, 0.878266, 0.0522714], 
              [0.00372095, 0.962884, 0.0154579, 0.0179359], 
              [0.0149565, 0.967588, 0.00934716, 0.00810832], 
              [1.31079e-05, 0.823304, 0.0213186, 0.155363], 
              [0.939579, 0.0481463, 0.0113861, 0.000888626], 
              [1.31079e-05, 0.984321, 0.0012595, 0.014406], 
              [0.0246001, 8.36856e-06, 0.935714, 0.039678], 
              [0.00233301, 0.919343, 0.0116081, 0.0667158], 
              [0.605232, 0.054901, 0.189509, 0.150357]
            ]
          }, {
            "db": 0,
            "id": "MA0481.1",
            "alt": "FOXP1",
            "len": 15,
            "nsites": 311,
            "url": "http://jaspar.genereg.net?ID=MA0481.1&rm=present&collection=CORE",
            "pwm": [
              [0.331182, 0.347218, 0.154348, 0.167252], 
              [0.421185, 0.183284, 0.176849, 0.218683], 
              [0.49833, 0.125425, 0.128633, 0.247611], 
              [0.578691, 0.135068, 0.17042, 0.115822], 
              [0.443686, 0.0193498, 0.282924, 0.25404], 
              [0.254036, 0.0354216, 0.710439, 0.000102861], 
              [0.228321, 0.0129209, 5.68949e-05, 0.758701], 
              [0.999777, 6.30023e-05, 5.68949e-05, 0.000102861], 
              [0.999777, 6.30023e-05, 5.68949e-05, 0.000102861], 
              [0.999777, 6.30023e-05, 5.68949e-05, 0.000102861], 
              [0.0515291, 0.893667, 0.0322006, 0.0226036], 
              [0.999777, 6.30023e-05, 5.68949e-05, 0.000102861], 
              [0.565833, 0.247571, 0.183278, 0.00331683], 
              [0.781198, 0.0579224, 0.0739881, 0.086892], 
              [0.327967, 0.135068, 0.414715, 0.12225]
            ]
          }, {
            "db": 0,
            "id": "MA0516.1",
            "alt": "SP2",
            "len": 15,
            "nsites": 1686,
            "url": "http://jaspar.genereg.net?ID=MA0516.1&rm=present&collection=CORE",
            "pwm": [
              [0.0949116, 0.150062, 0.609701, 0.145324], 
              [0.0231488, 0.481003, 0.152433, 0.343415], 
              [0.0308584, 0.822027, 0.000603462, 0.146511], 
              [1.82077e-05, 0.995801, 0.00416225, 1.89787e-05], 
              [1.82077e-05, 0.97445, 1.04976e-05, 0.0255215], 
              [0.103215, 1.16245e-05, 0.759158, 0.137615], 
              [1.82077e-05, 0.999952, 1.04976e-05, 1.89787e-05], 
              [1.82077e-05, 0.982159, 1.04976e-05, 0.0178119], 
              [1.82077e-05, 0.65715, 1.04976e-05, 0.342822], 
              [0.122194, 0.709341, 1.04976e-05, 0.168455], 
              [0.0682232, 0.575896, 0.058726, 0.297154], 
              [0.110925, 0.32858, 0.192763, 0.367731], 
              [0.134055, 0.425253, 0.237837, 0.202854], 
              [0.135241, 0.470921, 0.241989, 0.151849], 
              [0.120414, 0.441859, 0.250293, 0.187434]
            ]
          }, {
            "db": 0,
            "id": "MA0532.1",
            "alt": "Stat92E",
            "len": 15,
            "nsites": 118,
            "url": "http://jaspar.genereg.net?ID=MA0532.1&rm=present&collection=CORE",
            "pwm": [
              [0.127271, 0.423536, 0.203368, 0.245826], 
              [0.203478, 0.186449, 0.499727, 0.110347], 
              [0.22888, 0.296525, 0.347314, 0.127282], 
              [0.770793, 0.00863378, 0.144096, 0.0764774], 
              [0.398228, 0.000165961, 0.22877, 0.372836], 
              [0.000259949, 0.00863378, 0.0086177, 0.98249], 
              [0.000259949, 0.0509699, 0.000149873, 0.94862], 
              [0.000259949, 0.89771, 0.000149873, 0.10188], 
              [0.000259949, 0.567482, 0.118693, 0.313564], 
              [0.322021, 0.177981, 0.254172, 0.245826], 
              [0.347424, 0.0171006, 0.592868, 0.0426081], 
              [0.000259949, 0.00863378, 0.990835, 0.000270957], 
              [0.957076, 0.000165961, 0.0170845, 0.0256734], 
              [0.999413, 0.000165961, 0.000149873, 0.000270957], 
              [0.533706, 0.0763724, 0.0848241, 0.305098]
            ]
          }, {
            "db": 0,
            "id": "MA0535.1",
            "alt": "Mad",
            "len": 15,
            "nsites": 102,
            "url": "http://jaspar.genereg.net?ID=MA0535.1&rm=present&collection=CORE",
            "pwm": [
              [0.000300686, 0.470319, 0.460506, 0.0688732], 
              [0.343102, 0.254844, 0.1275, 0.274555], 
              [0.000300686, 0.137313, 0.862073, 0.000313418], 
              [0.343102, 0.000191969, 0.548656, 0.108051], 
              [0.000300686, 0.999213, 0.000173359, 0.000313418], 
              [0.000300686, 0.000191969, 0.999194, 0.000313418], 
              [0.22557, 0.636823, 0.000173359, 0.137434], 
              [0.000300686, 0.695588, 0.303798, 0.000313418], 
              [0.284336, 0.000191969, 0.715158, 0.000313418], 
              [0.284336, 0.38217, 0.33318, 0.000313418], 
              [0.108038, 0.519291, 0.245031, 0.12764], 
              [0.284336, 0.000191969, 0.715158, 0.000313418], 
              [0.117832, 0.470319, 0.26462, 0.147228], 
              [0.313718, 0.333198, 0.156883, 0.196199], 
              [0.108038, 0.274433, 0.617215, 0.000313418]
            ]
          }, {
            "db": 0,
            "id": "MA0537.1",
            "alt": "blmp-1",
            "len": 11,
            "nsites": 3368,
            "url": "http://jaspar.genereg.net?ID=MA0537.1&rm=present&collection=CORE",
            "pwm": [
              [0.566797, 5.8193e-06, 0.433187, 9.50091e-06], 
              [0.918034, 5.8193e-06, 0.0789819, 0.00297841], 
              [0.868748, 5.8193e-06, 0.131236, 9.50091e-06], 
              [0.95485, 5.8193e-06, 0.0451349, 9.50091e-06], 
              [0.250002, 5.8193e-06, 0.611626, 0.138366], 
              [0.343526, 0.0994689, 0.162708, 0.394297], 
              [9.11493e-06, 5.8193e-06, 0.999976, 9.50091e-06], 
              [0.999979, 5.8193e-06, 5.25519e-06, 9.50091e-06], 
              [0.632116, 5.8193e-06, 0.322443, 0.0454362], 
              [0.914768, 5.8193e-06, 0.075419, 0.00980721], 
              [0.518106, 0.0380097, 0.410622, 0.0332625]
            ]
          }, {
            "db": 0,
            "id": "MA0541.1",
            "alt": "efl-1",
            "len": 15,
            "nsites": 2206,
            "url": "http://jaspar.genereg.net?ID=MA0541.1&rm=present&collection=CORE",
            "pwm": [
              [0.300091, 0.334536, 0.087946, 0.277427], 
              [0.267001, 0.177245, 0.367625, 0.188129], 
              [0.262921, 0.362186, 0.0752536, 0.299638], 
              [0.159572, 0.142341, 0.396636, 0.301452], 
              [0.041716, 0.521291, 0.404795, 0.032198], 
              [0.0276647, 0.00998143, 0.962339, 1.45052e-05], 
              [0.00499969, 0.993618, 0.00136796, 1.45052e-05], 
              [1.3916e-05, 8.88446e-06, 0.999963, 1.45052e-05], 
              [1.3916e-05, 0.561633, 0.438338, 1.45052e-05], 
              [0.0603012, 0.284674, 0.65501, 1.45052e-05], 
              [0.950107, 0.0249398, 0.00816765, 0.0167857], 
              [0.911578, 0.0117944, 0.0707208, 0.00590724], 
              [0.645497, 0.0621091, 0.0802404, 0.212154], 
              [0.315503, 0.0970125, 0.0775205, 0.509964], 
              [0.144613, 0.176338, 0.159566, 0.519483]
            ]
          }, {
            "db": 0,
            "id": "MA0547.1",
            "alt": "skn-1",
            "len": 15,
            "nsites": 318,
            "url": "http://jaspar.genereg.net?ID=MA0547.1&rm=present&collection=CORE",
